Query	0	0	0	0	0
中老年薄毛料女装	5	0	0	8.84538	8.84538
动物毛去除剂	0	0	5	2.94846	2.94846
131117491 橙色	0	0	5	2.94846	2.94846
简兔开衫120228	2	0	3	6.21032	6.21032
高跟鞋 鱼嘴 恒安利	0	5	0	5.89692	5.89692
楼梯踏步侧面板	0	0	5	2.94846	2.94846
安装好常用软件(如下表),有u盘功能,有gps,非打孔板,非硬解机	4	0	1	8.07167	8.07167
凡客诚品鸡心领男装	0	5	0	5.89692	5.89692
日泰凉鞋 832n101-1	1	4	0	6.89692	6.89692
龙新汽车装饰	0	5	0	5.89692	5.89692
鑫梦大架	0	0	0	0	0
维多利亚的秘密裙子 花朵	0	5	0	5.89692	5.89692
夏季女装中长款宽荷叶长袖衬衣 配腰带	0	5	0	5.89692	5.89692
1.5米中六天线	0	5	0	5.89692	5.89692
女包小包手提30以内	0	0	5	2.94846	2.94846
松糕鞋 圆头 女鞋 复古 风坡跟 皮鞋	5	0	0	8.84538	8.84538
1608/051/320	5	0	0	8.84538	8.84538
大地企鹅男装qe12j006106170	0	5	0	5.89692	5.89692
蔓诺蒂 3203011	0	0	0	0	0
urbauf fox	0	0	0	0	0
牛货	0	0	0	0	0
howru优哈优哈正品双肩包时尚书包女包学生包	5	0	0	8.84538	8.84538
白沙91916	0	5	0	5.89692	5.89692
带电池的电钻	0	0	0	0	0
雷蛇排气筒	0	0	5	2.94846	2.94846
浙江省属监狱考试	3	2	0	7.9147	8.02785
艾薇 ijcb062	0	0	5	2.94846	2.94846
生产回转链条	2	0	3	4.98402	6.21032
带写毕业论文	5	0	0	8.84538	8.84538
美国truck pac 启动电源	0	2	3	4.57939	4.57939
王式安考研数学系列:数学复习全书(数2	0	5	0	5.89692	5.89692
实用翻译教程 第一版	1	4	0	6.28377	6.89692
奔驰ml250 雾灯框	0	0	0	0	0
翠荣阁	0	0	5	2.94846	2.94846
vitte女装 eng04776e02	0	5	0	5.89692	5.89692
暴帅1300手机壳	0	5	0	5.89692	5.89692
daidan纱布手帕	0	5	0	5.89692	5.89692
北京利奥纳多	5	0	0	8.84538	8.84538
800万像素以上的手机	5	0	0	8.84538	8.84538
casme q510	0	0	5	2.94846	2.94846
rome girl	0	0	5	2.94846	2.94846
http://i.youku.com/u/umzyxntm5ndgw	0	0	0	0	0
2013中长款肩章外套女雪纺拼皮	0	5	0	5.89692	5.89692
快乐大本营成成	0	0	0	0	0
迅鹰油门 把握	1	0	4	4.21032	4.94846
木雕修光机	0	5	0	5.89692	5.89692
苹果女包d01-9335280-20	0	5	0	5.89692	5.89692
联想a9630t	0	5	0	5.89692	5.89692
新绣坊骷髅头t袖	0	5	0	5.89692	5.89692
佛酥油 足2公 弘	1	0	4	3.80981	4.94846
小直筒休闲裤 男 土黄色	0	0	0	0	0
欧宝方向机外球头2	0	0	5	2.94846	2.94846
aa同款 盘花朵蕾丝3d立体玫瑰花雪纺衫上衣	4	1	0	8.45852	8.45852
鲜花烘干机	0	0	5	2.94846	2.94846
安踏anta专柜正品运动上衣女连帽外套 保暖三色可选 96	0	0	0	0	0
丝巾蝴蝶结 鱼嘴平跟	0	5	0	5.89692	5.89692
竹纤维女秋裤――fw7102	0	5	0	5.89692	5.89692
棉马甲 女 中老年 马蹄袖	1	4	0	6.89692	6.89692
梦洁宝贝 格桑梦想	1	1	3	5.33531	5.57939
毛线十字绣抱枕带印花	0	4	1	5.51007	5.51007
米兰圣堡纹帐	0	2	3	4.57939	4.57939
闪电200磅风筝线	0	1	4	3.94846	3.94846
黑钻高品质2.0音响	4	1	0	8.4147	8.45852
钳工用圆管固定架	0	5	0	5.89692	5.89692
一次性果汁杯制作	5	0	0	8.84538	8.84538
苏州蓝妃服饰有限公司	0	0	5	2.94846	2.94846
陶瓷表niv	0	5	0	5.89692	5.89692
hm显瘦女款修身蕾丝连衣裙 长袖褶皱连衣裙 包身裙	1	4	0	6.89692	6.89692
纳西田野 枸杞	1	0	4	4.94846	4.94846
kittle防雨绸 外套	0	0	5	2.94846	2.94846
莱芙爱的儿	0	0	5	2.94846	2.94846
2013春夏 新款韩版修身复古耸肩 纯色全棉长袖打底衬衫大码女上衣	0	0	5	2.94846	2.94846
安贝母婴专营店	0	0	5	2.94846	2.94846
sxa10f401	0	0	5	2.94846	2.94846
nx31700580	0	0	5	2.94846	2.94846
hm荧光拼接女包	0	5	0	5.89692	5.89692
女新款韩版阿桑娜立体小猫头漆皮手提包小包猫猫包单肩斜跨女包混批	5	0	0	8.84538	8.84538
大深度 电动切割锯	0	5	0	5.89692	5.89692
柱形储水塑料观赏	0	0	5	2.94846	2.94846
欧洲站鱼嘴希尔	0	5	0	5.89692	5.89692
neck cloth	0	0	5	2.94846	2.94846
西玛诺鱼杆正品	0	0	0	0	0
nike长舌头板鞋	0	5	0	5.89692	5.89692
tongtaixxhy0030	0	0	5	2.94846	2.94846
米朵儿衬衫	0	5	0	5.89692	5.89692
1-2岁女童帆布鞋	0	0	0	0	0
联邦酷仔郎短袖t恤	0	0	5	2.94846	2.94846
佛低头鞘	0	0	0	0	0
联想a798t手机贴膜糖果色	0	1	4	3.57939	3.94846
职业赛摩托车发动机	0	5	0	5.89692	5.89692
wt0239-bl240p4j-01	0	0	0	0	0
2013 年洛米格	5	0	0	8.84538	8.84538
产妇哺乳睡衣月子服春秋纯棉家居服泰迪熊	0	5	0	5.89692	5.89692
关键词真皮粗高跟凉鞋镂空厚底女鞋	2	3	0	7.52785	7.52785
包邮2013夏装新款韩版女装宽松黑色娃娃领上衣女大码短袖t恤潮衫	0	3	2	5.01007	5.07939
男士素色带帽防水衣服	0	5	0	5.89692	5.89692
同衣天下童装	0	5	0	5.89692	5.89692
欧琳水槽正品双槽 花纹	0	5	0	5.89692	5.89692
你要如何衡量你的人生 电子版	0	0	5	2.94846	2.94846
时尚带领子的短外套 女 韩版	0	5	0	5.89692	5.89692
日版iphone5联通3g上网解锁	0	0	5	2.94846	2.94846
大嘴猴套裙正版代购	0	0	5	2.94846	2.94846
13女装夏装新款热买 双层碎花木耳边韩版修身荷叶边雪纺衬衫特价	5	0	0	8.84538	8.84538
30多岁得夏裙	0	5	0	5.89692	5.89692
杏花村 汾酒 二十年500ml52度	0	5	0	5.89692	5.89692
收腰灯笼短袖衫荧光黄	0	5	0	5.89692	5.89692
新款'以纯'25257连衣裙	0	5	0	5.89692	5.89692
篮球用具	0	0	0	0	0
可爱跳舞蛋 扭扭电子宠物 益智玩具 创意可爱 电子宠物 吸卡包装	0	0	0	0	0
韩国原单irenede	0	5	0	5.89692	5.89692
朵以专柜正品2013款春装小西装28ac42201	2	3	0	7.52785	7.52785
900以上的玉	0	0	5	2.94846	2.94846
2013中高考真题预测密卷	0	5	0	5.89692	5.89692
hebe正品台湾皮鞋黑白款	2	3	0	7.52785	7.52785
莎拉娜收腹霜	0	0	5	2.94846	2.94846
l-three闪粉	0	5	0	5.89692	5.89692
tooke l260	0	0	5	2.94846	2.94846
八个月女宝宝wanju	0	0	5	2.94846	2.94846
13春季韩版男士时尚个性圆领t恤	5	0	0	8.84538	8.84538
万宝龙8431偏光眼镜	0	5	0	5.89692	5.89692
麦包包女式包新款欧美时尚简约丝巾包 摩登手提包斜挎包	1	4	0	6.89692	6.89692
沙滩裙波西米亚吊带长裙拖地纯棉夏深v领纯棉	0	0	0	0	0
p7700 防水	2	0	3	6.21032	6.21032
卡尔良相机	0	5	0	5.89692	5.89692
亲子帽子 韩版	0	0	0	0	0
小凡手饰	4	1	0	7.84538	8.45852
高级 隔热 纸杯	1	4	0	6.89692	6.89692
马可波罗 瓷砖 8115	0	5	0	5.89692	5.89692
三轮 电动车	0	0	0	0	0
意尔康2la230415	0	5	0	5.89692	5.89692
?n?????e????荟?amp amp #65533 ???????l??l??	0	0	0	0	0
清仓款2013春装新款水墨佳人正品印花连帽假两件拼接长袖衬衫女	1	4	0	6.89692	6.89692
夏装翻领时尚百搭宽松透气假两件t恤针织衫	2	3	0	7.52785	7.52785
13年代购女鞋 鱼嘴 细跟	0	5	0	5.89692	5.89692
pbi八切一切换开关	0	5	0	5.89692	5.89692
辰岐夏季全弹网状透气护腰	0	5	0	5.89692	5.89692
法国大牌 原单羊毛开衫 男	3	2	0	8.02785	8.02785
w2009ss	0	0	0	0	0
艺利阁鞋业	5	0	0	8.84538	8.84538
mac pro 金士顿内存条	0	5	0	5.89692	5.89692
葛菲娜展颜防晒霜	0	0	0	0	0
master calendar日历大师系列腕表	5	0	0	8.84538	8.84538
国牌单纵	0	0	5	2.94846	2.94846
雷士换气扇 35w	0	5	0	5.89692	5.89692
达芙妮同款黑皮鞋	5	0	0	8.84538	8.84538
韩国黄 拼色雕花 鞋	4	1	0	8.45852	8.45852
zxc	0	0	0	0	0
air jordan pro 训练爆裂纹 背心	5	0	0	8.84538	8.84538
蕾丝脚环绑带松糕平底凉鞋	0	5	0	5.89692	5.89692
2013新款圆头蝴蝶结防滑厚底松糕鞋日系韩版单鞋公主大小码	1	4	0	6.89692	6.89692
fpga论文代写	2	0	3	4.80981	6.21032
大力钳 弯折	3	2	0	8.02785	8.02785
高达卡通内裤	0	5	0	5.89692	5.89692
水烟壶 双口	0	5	0	5.89692	5.89692
psalter.tmall.com	0	5	0	5.89692	5.89692
嘉华 激光头	0	5	0	5.89692	5.89692
672721-001	0	0	0	0	0
旗舰店官方网站百丽女鞋	0	0	0	0	0
台湾代购habe田馥甄代言kinaz闪闪梦幻真心ol甜美动人回忆侧背包	0	4	1	5.51007	5.51007
十三行网络女装批发	1	4	0	6.39692	6.89692
伊卡诺1305	0	5	0	5.89692	5.89692
春夏装2013新款女装修身英伦风小格子衬衫 休闲衬衫 女	1	3	1	6.39692	6.51007
&amp amp #17950 玳	0	0	0	0	0
护肘 保暖 关节炎	0	0	0	0	0
偏光 夹片 arr	0	5	0	5.89692	5.89692
ef-s 17-85mm f2.8 is usm	0	5	0	5.89692	5.89692
百丽雅文胸	1	0	4	4.94846	4.94846
沈阳热龙太阳能配件	0	5	0	5.89692	5.89692
bosch)gsb13re set13毫米冲击钻套装	5	0	0	8.84538	8.84538
塑性背心 无肩带	0	5	0	5.89692	5.89692
2008凯美瑞尾灯	0	0	0	0	0
显示器 迪美优特	0	0	5	2.94846	2.94846
纯色无袖超长t裙背心长裙脚后开叉	0	5	0	5.89692	5.89692
婚喜蕾丝睡袍 女 诱惑	0	0	0	0	0
上海城隍庙卖的围巾	1	4	0	6.89692	6.89692
16gu盘 旋转小胖子 u盘 16g 特价正品16g优盘 全国包邮 买一送七	0	5	0	5.89692	5.89692
2013夏装新款新款女装 黄色大花型露肩花边吊带抹胸拖地长裙 沙滩	1	4	0	6.89692	6.89692
雕花做旧男鞋 定做	0	5	0	5.89692	5.89692
xd7s 手写屏	0	5	0	5.89692	5.89692
优衣库背心文胸 长款	0	5	0	5.89692	5.89692
mainstays 柜	0	0	0	0	0
拉夏贝尔2013 亚麻 九分裤	2	3	0	7.52785	7.52785
短袖小西装个荧光绿	2	3	0	6.82759	7.52785
百搭简约宽松大版v领t针织衫	3	2	0	8.02785	8.02785
萌小q系列衣服	0	5	0	5.89692	5.89692
美瞳 依薰三色	0	5	0	5.89692	5.89692
昕薇模特介绍护肤品	0	2	3	4.44846	4.57939
北京神州行1314	0	5	0	5.89692	5.89692
欧苏丹 橙花露香水	0	5	0	5.89692	5.89692
皮凉鞋男 飞翎	0	2	3	4.33531	4.57939
搭配衣服杂志名称	0	0	5	2.94846	2.94846
led46d660x3d	0	5	0	5.89692	5.89692
超硬抗摔手机	0	5	0	5.89692	5.89692
特价促销海宁真皮牛皮家居拖鞋春秋夏季防滑牛筋底男女	2	3	0	7.52785	7.52785
非那雄胺	0	0	0	0	0
休闲宽松 星星图案 拉链长袖连帽防风衣短外套	2	3	0	7.52785	7.52785
衣香丽影21509	0	5	0	5.89692	5.89692
v领 t恤 男 短袖 铜牌	0	5	0	5.89692	5.89692
海信evd125r	0	5	0	5.89692	5.89692
三星翻盖手机2013公为天下手机原件	0	5	0	5.89692	5.89692
